 MeshVersionFormatted 2
 Dimension
 3
 Vertices
 556
                   -0                        -0                         0      1
                    0                    0.0001                         0      2
                    0                   -0.0001                         0      3
                    0                   -0.0002                         0      4
                0.001                         0                         0      6
                0.001                    0.0001                         0      7
                0.001                   -0.0001                         0      8
                0.001                   -0.0002                         0      9
              0.00025                    0.0001                         0      10
              0.00075                    0.0001                         0      11
              0.00025                   -0.0002                         0      12
              0.00075                   -0.0002                         0      13
              0.00025                    0.0006                         0      14
              0.00075                    0.0006                         0      15
              0.00075                   -0.0007                         0      16
              0.00025                   -0.0007                         0      17
                    0                    2E-005                         0      1
                    0                    4E-005                         0      1
                    0                    6E-005                         0      1
                    0                    8E-005                         0      1
               5E-005                    0.0001                         0      2
               0.0001                    0.0001                         0      2
              0.00015                    0.0001                         0      2
               0.0002                    0.0001                         0      2
              0.00025                   0.00015                         0      3
              0.00025                    0.0002                         0      3
              0.00025                   0.00025                         0      3
              0.00025                    0.0003                         0      3
              0.00025                   0.00035                         0      3
              0.00025                    0.0004                         0      3
              0.00025                   0.00045                         0      3
              0.00025                    0.0005                         0      3
              0.00025                   0.00055                         0      3
               0.0003                    0.0006                         0      4
              0.00035                    0.0006                         0      4
               0.0004                    0.0006                         0      4
              0.00045                    0.0006                         0      4
               0.0005                    0.0006                         0      4
              0.00055                    0.0006                         0      4
               0.0006                    0.0006                         0      4
              0.00065                    0.0006                         0      4
               0.0007                    0.0006                         0      4
              0.00075                   0.00055                         0      5
              0.00075                    0.0005                         0      5
              0.00075                   0.00045                         0      5
              0.00075                    0.0004                         0      5
              0.00075                   0.00035                         0      5
              0.00075                    0.0003                         0      5
              0.00075                   0.00025                         0      5
              0.00075                    0.0002                         0      5
              0.00075                   0.00015                         0      5
               0.0008                    0.0001                         0      6
              0.00085                    0.0001                         0      6
               0.0009                    0.0001                         0      6
              0.00095                    0.0001                         0      6
               0.0003                    0.0001                         0      7
              0.00035                    0.0001                         0      7
               0.0004                    0.0001                         0      7
              0.00045                    0.0001                         0      7
               0.0005                    0.0001                         0      7
              0.00055                    0.0001                         0      7
               0.0006                    0.0001                         0      7
              0.00065                    0.0001                         0      7
               0.0007                    0.0001                         0      7
                0.001                    8E-005                         0      8
                0.001                    6E-005                         0      8
                0.001                    4E-005                         0      8
                0.001                    2E-005                         0      8
              0.00095                         0                         0      9
               0.0009                         0                         0      9
              0.00085                         0                         0      9
               0.0008                         0                         0      9
              0.00075                         0                         0      9
               0.0007                         0                         0      9
              0.00065                         0                         0      9
               0.0006                         0                         0      9
              0.00055                         0                         0      9
               0.0005                         0                         0      9
              0.00045                         0                         0      9
               0.0004                         0                         0      9
              0.00035                         0                         0      9
               0.0003                         0                         0      9
              0.00025                         0                         0      9
               0.0002                         0                         0      9
              0.00015                         0                         0      9
               0.0001                         0                         0      9
               5E-005                         0                         0      9
                    0                   -2E-005                         0      10
                    0                   -4E-005                         0      10
                    0                   -6E-005                         0      10
                    0                   -8E-005                         0      10
               5E-005                   -0.0001                         0      11
               0.0001                   -0.0001                         0      11
              0.00015                   -0.0001                         0      11
               0.0002                   -0.0001                         0      11
              0.00025                   -0.0001                         0      11
               0.0003                   -0.0001                         0      11
              0.00035                   -0.0001                         0      11
               0.0004                   -0.0001                         0      11
              0.00045                   -0.0001                         0      11
               0.0005                   -0.0001                         0      11
              0.00055                   -0.0001                         0      11
               0.0006                   -0.0001                         0      11
              0.00065                   -0.0001                         0      11
               0.0007                   -0.0001                         0      11
              0.00075                   -0.0001                         0      11
               0.0008                   -0.0001                         0      11
              0.00085                   -0.0001                         0      11
               0.0009                   -0.0001                         0      11
              0.00095                   -0.0001                         0      11
                0.001                   -2E-005                         0      12
                0.001                   -4E-005                         0      12
                0.001                   -6E-005                         0      12
                0.001                   -8E-005                         0      12
                0.001                  -0.00012                         0      13
                0.001                  -0.00014                         0      13
                0.001                  -0.00016                         0      13
                0.001                  -0.00018                         0      13
              0.00095                   -0.0002                         0      14
               0.0009                   -0.0002                         0      14
              0.00085                   -0.0002                         0      14
               0.0008                   -0.0002                         0      14
               0.0007                   -0.0002                         0      15
              0.00065                   -0.0002                         0      15
               0.0006                   -0.0002                         0      15
              0.00055                   -0.0002                         0      15
               0.0005                   -0.0002                         0      15
              0.00045                   -0.0002                         0      15
               0.0004                   -0.0002                         0      15
              0.00035                   -0.0002                         0      15
               0.0003                   -0.0002                         0      15
               0.0002                   -0.0002                         0      16
              0.00015                   -0.0002                         0      16
               0.0001                   -0.0002                         0      16
               5E-005                   -0.0002                         0      16
                    0                  -0.00018                         0      17
                    0                  -0.00016                         0      17
                    0                  -0.00014                         0      17
                    0                  -0.00012                         0      17
              0.00025                  -0.00025                         0      18
              0.00025                   -0.0003                         0      18
              0.00025                  -0.00035                         0      18
              0.00025                   -0.0004                         0      18
              0.00025                  -0.00045                         0      18
              0.00025                   -0.0005                         0      18
              0.00025                  -0.00055                         0      18
              0.00025                   -0.0006                         0      18
              0.00025                  -0.00065                         0      18
               0.0003                   -0.0007                         0      19
              0.00035                   -0.0007                         0      19
               0.0004                   -0.0007                         0      19
              0.00045                   -0.0007                         0      19
               0.0005                   -0.0007                         0      19
              0.00055                   -0.0007                         0      19
               0.0006                   -0.0007                         0      19
              0.00065                   -0.0007                         0      19
               0.0007                   -0.0007                         0      19
              0.00075                  -0.00065                         0      20
              0.00075                   -0.0006                         0      20
              0.00075                  -0.00055                         0      20
              0.00075                   -0.0005                         0      20
              0.00075                  -0.00045                         0      20
              0.00075                   -0.0004                         0      20
              0.00075                  -0.00035                         0      20
              0.00075                   -0.0003                         0      20
              0.00075                  -0.00025                         0      20
               0.0003                   0.00015                         0      1
              0.00035                   0.00015                         0      1
               0.0004                   0.00015                         0      1
              0.00045                   0.00015                         0      1
               0.0005                   0.00015                         0      1
              0.00055                   0.00015                         0      1
               0.0006                   0.00015                         0      1
              0.00065                   0.00015                         0      1
               0.0007                   0.00015                         0      1
               0.0003                    0.0002                         0      1
              0.00035                    0.0002                         0      1
               0.0004                    0.0002                         0      1
              0.00045                    0.0002                         0      1
               0.0005                    0.0002                         0      1
              0.00055                    0.0002                         0      1
               0.0006                    0.0002                         0      1
              0.00065                    0.0002                         0      1
               0.0007                    0.0002                         0      1
               0.0003                   0.00025                         0      1
              0.00035                   0.00025                         0      1
               0.0004                   0.00025                         0      1
              0.00045                   0.00025                         0      1
               0.0005                   0.00025                         0      1
              0.00055                   0.00025                         0      1
               0.0006                   0.00025                         0      1
              0.00065                   0.00025                         0      1
               0.0007                   0.00025                         0      1
               0.0003                    0.0003                         0      1
              0.00035                    0.0003                         0      1
               0.0004                    0.0003                         0      1
              0.00045                    0.0003                         0      1
               0.0005                    0.0003                         0      1
              0.00055                    0.0003                         0      1
               0.0006                    0.0003                         0      1
              0.00065                    0.0003                         0      1
               0.0007                    0.0003                         0      1
               0.0003                   0.00035                         0      1
              0.00035                   0.00035                         0      1
               0.0004                   0.00035                         0      1
              0.00045                   0.00035                         0      1
               0.0005                   0.00035                         0      1
              0.00055                   0.00035                         0      1
               0.0006                   0.00035                         0      1
              0.00065                   0.00035                         0      1
               0.0007                   0.00035                         0      1
               0.0003                    0.0004                         0      1
              0.00035                    0.0004                         0      1
               0.0004                    0.0004                         0      1
              0.00045                    0.0004                         0      1
               0.0005                    0.0004                         0      1
              0.00055                    0.0004                         0      1
               0.0006                    0.0004                         0      1
              0.00065                    0.0004                         0      1
               0.0007                    0.0004                         0      1
               0.0003                   0.00045                         0      1
              0.00035                   0.00045                         0      1
               0.0004                   0.00045                         0      1
              0.00045                   0.00045                         0      1
               0.0005                   0.00045                         0      1
              0.00055                   0.00045                         0      1
               0.0006                   0.00045                         0      1
              0.00065                   0.00045                         0      1
               0.0007                   0.00045                         0      1
               0.0003                    0.0005                         0      1
              0.00035                    0.0005                         0      1
               0.0004                    0.0005                         0      1
              0.00045                    0.0005                         0      1
               0.0005                    0.0005                         0      1
              0.00055                    0.0005                         0      1
               0.0006                    0.0005                         0      1
              0.00065                    0.0005                         0      1
               0.0007                    0.0005                         0      1
               0.0003                   0.00055                         0      1
              0.00035                   0.00055                         0      1
               0.0004                   0.00055                         0      1
              0.00045                   0.00055                         0      1
               0.0005                   0.00055                         0      1
              0.00055                   0.00055                         0      1
               0.0006                   0.00055                         0      1
              0.00065                   0.00055                         0      1
               0.0007                   0.00055                         0      1
               5E-005                    8E-005                         0      2
               0.0001                    8E-005                         0      2
              0.00015                    8E-005                         0      2
               0.0002                    8E-005                         0      2
              0.00025                    8E-005                         0      2
               0.0003                    8E-005                         0      2
              0.00035                    8E-005                         0      2
               0.0004                    8E-005                         0      2
              0.00045                    8E-005                         0      2
               0.0005                    8E-005                         0      2
              0.00055                    8E-005                         0      2
               0.0006                    8E-005                         0      2
              0.00065                    8E-005                         0      2
               0.0007                    8E-005                         0      2
              0.00075                    8E-005                         0      2
               0.0008                    8E-005                         0      2
              0.00085                    8E-005                         0      2
               0.0009                    8E-005                         0      2
              0.00095                    8E-005                         0      2
               5E-005                    6E-005                         0      2
               0.0001                    6E-005                         0      2
              0.00015                    6E-005                         0      2
               0.0002                    6E-005                         0      2
              0.00025                    6E-005                         0      2
               0.0003                    6E-005                         0      2
              0.00035                    6E-005                         0      2
               0.0004                    6E-005                         0      2
              0.00045                    6E-005                         0      2
               0.0005                    6E-005                         0      2
              0.00055                    6E-005                         0      2
               0.0006                    6E-005                         0      2
              0.00065                    6E-005                         0      2
               0.0007                    6E-005                         0      2
              0.00075                    6E-005                         0      2
               0.0008                    6E-005                         0      2
              0.00085                    6E-005                         0      2
               0.0009                    6E-005                         0      2
              0.00095                    6E-005                         0      2
               5E-005                    4E-005                         0      2
               0.0001                    4E-005                         0      2
              0.00015                    4E-005                         0      2
               0.0002                    4E-005                         0      2
              0.00025                    4E-005                         0      2
               0.0003                    4E-005                         0      2
              0.00035                    4E-005                         0      2
               0.0004                    4E-005                         0      2
              0.00045                    4E-005                         0      2
               0.0005                    4E-005                         0      2
              0.00055                    4E-005                         0      2
               0.0006                    4E-005                         0      2
              0.00065                    4E-005                         0      2
               0.0007                    4E-005                         0      2
              0.00075                    4E-005                         0      2
               0.0008                    4E-005                         0      2
              0.00085                    4E-005                         0      2
               0.0009                    4E-005                         0      2
              0.00095                    4E-005                         0      2
               5E-005                    2E-005                         0      2
               0.0001                    2E-005                         0      2
              0.00015                    2E-005                         0      2
               0.0002                    2E-005                         0      2
              0.00025                    2E-005                         0      2
               0.0003                    2E-005                         0      2
              0.00035                    2E-005                         0      2
               0.0004                    2E-005                         0      2
              0.00045                    2E-005                         0      2
               0.0005                    2E-005                         0      2
              0.00055                    2E-005                         0      2
               0.0006                    2E-005                         0      2
              0.00065                    2E-005                         0      2
               0.0007                    2E-005                         0      2
              0.00075                    2E-005                         0      2
               0.0008                    2E-005                         0      2
              0.00085                    2E-005                         0      2
               0.0009                    2E-005                         0      2
              0.00095                    2E-005                         0      2
              0.00095                   -2E-005                         0      3
              0.00095                   -4E-005                         0      3
              0.00095                   -6E-005                         0      3
              0.00095                   -8E-005                         0      3
               0.0009                   -2E-005                         0      3
               0.0009                   -4E-005                         0      3
               0.0009                   -6E-005                         0      3
               0.0009                   -8E-005                         0      3
              0.00085                   -2E-005                         0      3
              0.00085                   -4E-005                         0      3
              0.00085                   -6E-005                         0      3
              0.00085                   -8E-005                         0      3
               0.0008                   -2E-005                         0      3
               0.0008                   -4E-005                         0      3
               0.0008                   -6E-005                         0      3
               0.0008                   -8E-005                         0      3
              0.00075                   -2E-005                         0      3
              0.00075                   -4E-005                         0      3
              0.00075                   -6E-005                         0      3
              0.00075                   -8E-005                         0      3
               0.0007                   -2E-005                         0      3
               0.0007                   -4E-005                         0      3
               0.0007                   -6E-005                         0      3
               0.0007                   -8E-005                         0      3
              0.00065                   -2E-005                         0      3
              0.00065                   -4E-005                         0      3
              0.00065                   -6E-005                         0      3
              0.00065                   -8E-005                         0      3
               0.0006                   -2E-005                         0      3
               0.0006                   -4E-005                         0      3
               0.0006                   -6E-005                         0      3
               0.0006                   -8E-005                         0      3
              0.00055                   -2E-005                         0      3
              0.00055                   -4E-005                         0      3
              0.00055                   -6E-005                         0      3
              0.00055                   -8E-005                         0      3
               0.0005                   -2E-005                         0      3
               0.0005                   -4E-005                         0      3
               0.0005                   -6E-005                         0      3
               0.0005                   -8E-005                         0      3
              0.00045                   -2E-005                         0      3
              0.00045                   -4E-005                         0      3
              0.00045                   -6E-005                         0      3
              0.00045                   -8E-005                         0      3
               0.0004                   -2E-005                         0      3
               0.0004                   -4E-005                         0      3
               0.0004                   -6E-005                         0      3
               0.0004                   -8E-005                         0      3
              0.00035                   -2E-005                         0      3
              0.00035                   -4E-005                         0      3
              0.00035                   -6E-005                         0      3
              0.00035                   -8E-005                         0      3
               0.0003                   -2E-005                         0      3
               0.0003                   -4E-005                         0      3
               0.0003                   -6E-005                         0      3
               0.0003                   -8E-005                         0      3
              0.00025                   -2E-005                         0      3
              0.00025                   -4E-005                         0      3
              0.00025                   -6E-005                         0      3
              0.00025                   -8E-005                         0      3
               0.0002                   -2E-005                         0      3
               0.0002                   -4E-005                         0      3
               0.0002                   -6E-005                         0      3
               0.0002                   -8E-005                         0      3
              0.00015                   -2E-005                         0      3
              0.00015                   -4E-005                         0      3
              0.00015                   -6E-005                         0      3
              0.00015                   -8E-005                         0      3
               0.0001                   -2E-005                         0      3
               0.0001                   -4E-005                         0      3
               0.0001                   -6E-005                         0      3
               0.0001                   -8E-005                         0      3
               5E-005                   -2E-005                         0      3
               5E-005                   -4E-005                         0      3
               5E-005                   -6E-005                         0      3
               5E-005                   -8E-005                         0      3
               5E-005                  -0.00012                         0      4
               0.0001                  -0.00012                         0      4
              0.00015                  -0.00012                         0      4
               0.0002                  -0.00012                         0      4
              0.00025                  -0.00012                         0      4
               0.0003                  -0.00012                         0      4
              0.00035                  -0.00012                         0      4
               0.0004                  -0.00012                         0      4
              0.00045                  -0.00012                         0      4
               0.0005                  -0.00012                         0      4
              0.00055                  -0.00012                         0      4
               0.0006                  -0.00012                         0      4
              0.00065                  -0.00012                         0      4
               0.0007                  -0.00012                         0      4
              0.00075                  -0.00012                         0      4
               0.0008                  -0.00012                         0      4
              0.00085                  -0.00012                         0      4
               0.0009                  -0.00012                         0      4
              0.00095                  -0.00012                         0      4
               5E-005                  -0.00014                         0      4
               0.0001                  -0.00014                         0      4
              0.00015                  -0.00014                         0      4
               0.0002                  -0.00014                         0      4
              0.00025                  -0.00014                         0      4
               0.0003                  -0.00014                         0      4
              0.00035                  -0.00014                         0      4
               0.0004                  -0.00014                         0      4
              0.00045                  -0.00014                         0      4
               0.0005                  -0.00014                         0      4
              0.00055                  -0.00014                         0      4
               0.0006                  -0.00014                         0      4
              0.00065                  -0.00014                         0      4
               0.0007                  -0.00014                         0      4
              0.00075                  -0.00014                         0      4
               0.0008                  -0.00014                         0      4
              0.00085                  -0.00014                         0      4
               0.0009                  -0.00014                         0      4
              0.00095                  -0.00014                         0      4
               5E-005                  -0.00016                         0      4
               0.0001                  -0.00016                         0      4
              0.00015                  -0.00016                         0      4
               0.0002                  -0.00016                         0      4
              0.00025                  -0.00016                         0      4
               0.0003                  -0.00016                         0      4
              0.00035                  -0.00016                         0      4
               0.0004                  -0.00016                         0      4
              0.00045                  -0.00016                         0      4
               0.0005                  -0.00016                         0      4
              0.00055                  -0.00016                         0      4
               0.0006                  -0.00016                         0      4
              0.00065                  -0.00016                         0      4
               0.0007                  -0.00016                         0      4
              0.00075                  -0.00016                         0      4
               0.0008                  -0.00016                         0      4
              0.00085                  -0.00016                         0      4
               0.0009                  -0.00016                         0      4
              0.00095                  -0.00016                         0      4
               5E-005                  -0.00018                         0      4
               0.0001                  -0.00018                         0      4
              0.00015                  -0.00018                         0      4
               0.0002                  -0.00018                         0      4
              0.00025                  -0.00018                         0      4
               0.0003                  -0.00018                         0      4
              0.00035                  -0.00018                         0      4
               0.0004                  -0.00018                         0      4
              0.00045                  -0.00018                         0      4
               0.0005                  -0.00018                         0      4
              0.00055                  -0.00018                         0      4
               0.0006                  -0.00018                         0      4
              0.00065                  -0.00018                         0      4
               0.0007                  -0.00018                         0      4
              0.00075                  -0.00018                         0      4
               0.0008                  -0.00018                         0      4
              0.00085                  -0.00018                         0      4
               0.0009                  -0.00018                         0      4
              0.00095                  -0.00018                         0      4
               0.0007                  -0.00025                         0      5
               0.0007                   -0.0003                         0      5
               0.0007                  -0.00035                         0      5
               0.0007                   -0.0004                         0      5
               0.0007                  -0.00045                         0      5
               0.0007                   -0.0005                         0      5
               0.0007                  -0.00055                         0      5
               0.0007                   -0.0006                         0      5
               0.0007                  -0.00065                         0      5
              0.00065                  -0.00025                         0      5
              0.00065                   -0.0003                         0      5
              0.00065                  -0.00035                         0      5
              0.00065                   -0.0004                         0      5
              0.00065                  -0.00045                         0      5
              0.00065                   -0.0005                         0      5
              0.00065                  -0.00055                         0      5
              0.00065                   -0.0006                         0      5
              0.00065                  -0.00065                         0      5
               0.0006                  -0.00025                         0      5
               0.0006                   -0.0003                         0      5
               0.0006                  -0.00035                         0      5
               0.0006                   -0.0004                         0      5
               0.0006                  -0.00045                         0      5
               0.0006                   -0.0005                         0      5
               0.0006                  -0.00055                         0      5
               0.0006                   -0.0006                         0      5
               0.0006                  -0.00065                         0      5
              0.00055                  -0.00025                         0      5
              0.00055                   -0.0003                         0      5
              0.00055                  -0.00035                         0      5
              0.00055                   -0.0004                         0      5
              0.00055                  -0.00045                         0      5
              0.00055                   -0.0005                         0      5
              0.00055                  -0.00055                         0      5
              0.00055                   -0.0006                         0      5
              0.00055                  -0.00065                         0      5
               0.0005                  -0.00025                         0      5
               0.0005                   -0.0003                         0      5
               0.0005                  -0.00035                         0      5
               0.0005                   -0.0004                         0      5
               0.0005                  -0.00045                         0      5
               0.0005                   -0.0005                         0      5
               0.0005                  -0.00055                         0      5
               0.0005                   -0.0006                         0      5
               0.0005                  -0.00065                         0      5
              0.00045                  -0.00025                         0      5
              0.00045                   -0.0003                         0      5
              0.00045                  -0.00035                         0      5
              0.00045                   -0.0004                         0      5
              0.00045                  -0.00045                         0      5
              0.00045                   -0.0005                         0      5
              0.00045                  -0.00055                         0      5
              0.00045                   -0.0006                         0      5
              0.00045                  -0.00065                         0      5
               0.0004                  -0.00025                         0      5
               0.0004                   -0.0003                         0      5
               0.0004                  -0.00035                         0      5
               0.0004                   -0.0004                         0      5
               0.0004                  -0.00045                         0      5
               0.0004                   -0.0005                         0      5
               0.0004                  -0.00055                         0      5
               0.0004                   -0.0006                         0      5
               0.0004                  -0.00065                         0      5
              0.00035                  -0.00025                         0      5
              0.00035                   -0.0003                         0      5
              0.00035                  -0.00035                         0      5
              0.00035                   -0.0004                         0      5
              0.00035                  -0.00045                         0      5
              0.00035                   -0.0005                         0      5
              0.00035                  -0.00055                         0      5
              0.00035                   -0.0006                         0      5
              0.00035                  -0.00065                         0      5
               0.0003                  -0.00025                         0      5
               0.0003                   -0.0003                         0      5
               0.0003                  -0.00035                         0      5
               0.0003                   -0.0004                         0      5
               0.0003                  -0.00045                         0      5
               0.0003                   -0.0005                         0      5
               0.0003                  -0.00055                         0      5
               0.0003                   -0.0006                         0      5
               0.0003                  -0.00065                         0      5
 Edges
 170
 1 17 1
 17 18 1
 18 19 1
 19 20 1
 20 2 1
 2 21 2
 21 22 2
 22 23 2
 23 24 2
 24 9 2
 9 25 3
 25 26 3
 26 27 3
 27 28 3
 28 29 3
 29 30 3
 30 31 3
 31 32 3
 32 33 3
 33 13 3
 13 34 4
 34 35 4
 35 36 4
 36 37 4
 37 38 4
 38 39 4
 39 40 4
 40 41 4
 41 42 4
 42 14 4
 14 43 5
 43 44 5
 44 45 5
 45 46 5
 46 47 5
 47 48 5
 48 49 5
 49 50 5
 50 51 5
 51 10 5
 10 52 6
 52 53 6
 53 54 6
 54 55 6
 55 6 6
 9 56 7
 56 57 7
 57 58 7
 58 59 7
 59 60 7
 60 61 7
 61 62 7
 62 63 7
 63 64 7
 64 10 7
 6 65 8
 65 66 8
 66 67 8
 67 68 8
 68 5 8
 5 69 9
 69 70 9
 70 71 9
 71 72 9
 72 73 9
 73 74 9
 74 75 9
 75 76 9
 76 77 9
 77 78 9
 78 79 9
 79 80 9
 80 81 9
 81 82 9
 82 83 9
 83 84 9
 84 85 9
 85 86 9
 86 87 9
 87 1 9
 1 88 10
 88 89 10
 89 90 10
 90 91 10
 91 3 10
 3 92 11
 92 93 11
 93 94 11
 94 95 11
 95 96 11
 96 97 11
 97 98 11
 98 99 11
 99 100 11
 100 101 11
 101 102 11
 102 103 11
 103 104 11
 104 105 11
 105 106 11
 106 107 11
 107 108 11
 108 109 11
 109 110 11
 110 7 11
 5 111 12
 111 112 12
 112 113 12
 113 114 12
 114 7 12
 7 115 13
 115 116 13
 116 117 13
 117 118 13
 118 8 13
 8 119 14
 119 120 14
 120 121 14
 121 122 14
 122 12 14
 12 123 15
 123 124 15
 124 125 15
 125 126 15
 126 127 15
 127 128 15
 128 129 15
 129 130 15
 130 131 15
 131 11 15
 11 132 16
 132 133 16
 133 134 16
 134 135 16
 135 4 16
 4 136 17
 136 137 17
 137 138 17
 138 139 17
 139 3 17
 11 140 18
 140 141 18
 141 142 18
 142 143 18
 143 144 18
 144 145 18
 145 146 18
 146 147 18
 147 148 18
 148 16 18
 16 149 19
 149 150 19
 150 151 19
 151 152 19
 152 153 19
 153 154 19
 154 155 19
 155 156 19
 156 157 19
 157 15 19
 15 158 20
 158 159 20
 159 160 20
 160 161 20
 161 162 20
 162 163 20
 163 164 20
 164 165 20
 165 166 20
 166 12 20
 Quadrilaterals
 500
 9 25 167 56 1
 56 167 168 57 1
 57 168 169 58 1
 58 169 170 59 1
 59 170 171 60 1
 60 171 172 61 1
 61 172 173 62 1
 62 173 174 63 1
 63 174 175 64 1
 64 175 51 10 1
 25 26 176 167 1
 167 176 177 168 1
 168 177 178 169 1
 169 178 179 170 1
 170 179 180 171 1
 171 180 181 172 1
 172 181 182 173 1
 173 182 183 174 1
 174 183 184 175 1
 175 184 50 51 1
 26 27 185 176 1
 176 185 186 177 1
 177 186 187 178 1
 178 187 188 179 1
 179 188 189 180 1
 180 189 190 181 1
 181 190 191 182 1
 182 191 192 183 1
 183 192 193 184 1
 184 193 49 50 1
 27 28 194 185 1
 185 194 195 186 1
 186 195 196 187 1
 187 196 197 188 1
 188 197 198 189 1
 189 198 199 190 1
 190 199 200 191 1
 191 200 201 192 1
 192 201 202 193 1
 193 202 48 49 1
 28 29 203 194 1
 194 203 204 195 1
 195 204 205 196 1
 196 205 206 197 1
 197 206 207 198 1
 198 207 208 199 1
 199 208 209 200 1
 200 209 210 201 1
 201 210 211 202 1
 202 211 47 48 1
 29 30 212 203 1
 203 212 213 204 1
 204 213 214 205 1
 205 214 215 206 1
 206 215 216 207 1
 207 216 217 208 1
 208 217 218 209 1
 209 218 219 210 1
 210 219 220 211 1
 211 220 46 47 1
 30 31 221 212 1
 212 221 222 213 1
 213 222 223 214 1
 214 223 224 215 1
 215 224 225 216 1
 216 225 226 217 1
 217 226 227 218 1
 218 227 228 219 1
 219 228 229 220 1
 220 229 45 46 1
 31 32 230 221 1
 221 230 231 222 1
 222 231 232 223 1
 223 232 233 224 1
 224 233 234 225 1
 225 234 235 226 1
 226 235 236 227 1
 227 236 237 228 1
 228 237 238 229 1
 229 238 44 45 1
 32 33 239 230 1
 230 239 240 231 1
 231 240 241 232 1
 232 241 242 233 1
 233 242 243 234 1
 234 243 244 235 1
 235 244 245 236 1
 236 245 246 237 1
 237 246 247 238 1
 238 247 43 44 1
 33 13 34 239 1
 239 34 35 240 1
 240 35 36 241 1
 241 36 37 242 1
 242 37 38 243 1
 243 38 39 244 1
 244 39 40 245 1
 245 40 41 246 1
 246 41 42 247 1
 247 42 14 43 1
 2 21 248 20 2
 248 21 22 249 2
 22 23 250 249 2
 250 23 24 251 2
 24 9 252 251 2
 252 9 56 253 2
 56 57 254 253 2
 254 57 58 255 2
 58 59 256 255 2
 256 59 60 257 2
 60 61 258 257 2
 258 61 62 259 2
 62 63 260 259 2
 260 63 64 261 2
 64 10 262 261 2
 262 10 52 263 2
 52 53 264 263 2
 264 53 54 265 2
 54 55 266 265 2
 266 55 6 65 2
 19 20 248 267 2
 248 249 268 267 2
 268 249 250 269 2
 250 251 270 269 2
 270 251 252 271 2
 252 253 272 271 2
 272 253 254 273 2
 254 255 274 273 2
 274 255 256 275 2
 256 257 276 275 2
 276 257 258 277 2
 258 259 278 277 2
 278 259 260 279 2
 260 261 280 279 2
 280 261 262 281 2
 262 263 282 281 2
 282 263 264 283 2
 264 265 284 283 2
 284 265 266 285 2
 266 65 66 285 2
 19 267 286 18 2
 286 267 268 287 2
 268 269 288 287 2
 288 269 270 289 2
 270 271 290 289 2
 290 271 272 291 2
 272 273 292 291 2
 292 273 274 293 2
 274 275 294 293 2
 294 275 276 295 2
 276 277 296 295 2
 296 277 278 297 2
 278 279 298 297 2
 298 279 280 299 2
 280 281 300 299 2
 300 281 282 301 2
 282 283 302 301 2
 302 283 284 303 2
 284 285 304 303 2
 304 285 66 67 2
 17 18 286 305 2
 286 287 306 305 2
 306 287 288 307 2
 288 289 308 307 2
 308 289 290 309 2
 290 291 310 309 2
 310 291 292 311 2
 292 293 312 311 2
 312 293 294 313 2
 294 295 314 313 2
 314 295 296 315 2
 296 297 316 315 2
 316 297 298 317 2
 298 299 318 317 2
 318 299 300 319 2
 300 301 320 319 2
 320 301 302 321 2
 302 303 322 321 2
 322 303 304 323 2
 304 67 68 323 2
 17 305 87 1 2
 87 305 306 86 2
 306 307 85 86 2
 85 307 308 84 2
 308 309 83 84 2
 83 309 310 82 2
 310 311 81 82 2
 81 311 312 80 2
 312 313 79 80 2
 79 313 314 78 2
 314 315 77 78 2
 77 315 316 76 2
 316 317 75 76 2
 75 317 318 74 2
 318 319 73 74 2
 73 319 320 72 2
 320 321 71 72 2
 71 321 322 70 2
 322 323 69 70 2
 69 323 68 5 2
 5 69 324 111 3
 324 325 112 111 3
 112 325 326 113 3
 326 327 114 113 3
 114 327 110 7 3
 70 328 324 69 3
 324 328 329 325 3
 329 330 326 325 3
 326 330 331 327 3
 331 109 110 327 3
 70 71 332 328 3
 332 333 329 328 3
 329 333 334 330 3
 334 335 331 330 3
 331 335 108 109 3
 72 336 332 71 3
 332 336 337 333 3
 337 338 334 333 3
 334 338 339 335 3
 339 107 108 335 3
 72 73 340 336 3
 340 341 337 336 3
 337 341 342 338 3
 342 343 339 338 3
 339 343 106 107 3
 74 344 340 73 3
 340 344 345 341 3
 345 346 342 341 3
 342 346 347 343 3
 347 105 106 343 3
 74 75 348 344 3
 348 349 345 344 3
 345 349 350 346 3
 350 351 347 346 3
 347 351 104 105 3
 76 352 348 75 3
 348 352 353 349 3
 353 354 350 349 3
 350 354 355 351 3
 355 103 104 351 3
 76 77 356 352 3
 356 357 353 352 3
 353 357 358 354 3
 358 359 355 354 3
 355 359 102 103 3
 78 360 356 77 3
 356 360 361 357 3
 361 362 358 357 3
 358 362 363 359 3
 363 101 102 359 3
 78 79 364 360 3
 364 365 361 360 3
 361 365 366 362 3
 366 367 363 362 3
 363 367 100 101 3
 80 368 364 79 3
 364 368 369 365 3
 369 370 366 365 3
 366 370 371 367 3
 371 99 100 367 3
 80 81 372 368 3
 372 373 369 368 3
 369 373 374 370 3
 374 375 371 370 3
 371 375 98 99 3
 82 376 372 81 3
 372 376 377 373 3
 377 378 374 373 3
 374 378 379 375 3
 379 97 98 375 3
 82 83 380 376 3
 380 381 377 376 3
 377 381 382 378 3
 382 383 379 378 3
 379 383 96 97 3
 84 384 380 83 3
 380 384 385 381 3
 385 386 382 381 3
 382 386 387 383 3
 387 95 96 383 3
 84 85 388 384 3
 388 389 385 384 3
 385 389 390 386 3
 390 391 387 386 3
 387 391 94 95 3
 86 392 388 85 3
 388 392 393 389 3
 393 394 390 389 3
 390 394 395 391 3
 395 93 94 391 3
 86 87 396 392 3
 396 397 393 392 3
 393 397 398 394 3
 398 399 395 394 3
 395 399 92 93 3
 1 88 396 87 3
 396 88 89 397 3
 89 90 398 397 3
 398 90 91 399 3
 91 3 92 399 3
 3 92 400 139 4
 400 92 93 401 4
 93 94 402 401 4
 402 94 95 403 4
 95 96 404 403 4
 404 96 97 405 4
 97 98 406 405 4
 406 98 99 407 4
 99 100 408 407 4
 408 100 101 409 4
 101 102 410 409 4
 410 102 103 411 4
 103 104 412 411 4
 412 104 105 413 4
 105 106 414 413 4
 414 106 107 415 4
 107 108 416 415 4
 416 108 109 417 4
 109 110 418 417 4
 418 110 7 115 4
 138 139 400 419 4
 400 401 420 419 4
 420 401 402 421 4
 402 403 422 421 4
 422 403 404 423 4
 404 405 424 423 4
 424 405 406 425 4
 406 407 426 425 4
 426 407 408 427 4
 408 409 428 427 4
 428 409 410 429 4
 410 411 430 429 4
 430 411 412 431 4
 412 413 432 431 4
 432 413 414 433 4
 414 415 434 433 4
 434 415 416 435 4
 416 417 436 435 4
 436 417 418 437 4
 418 115 116 437 4
 138 419 438 137 4
 438 419 420 439 4
 420 421 440 439 4
 440 421 422 441 4
 422 423 442 441 4
 442 423 424 443 4
 424 425 444 443 4
 444 425 426 445 4
 426 427 446 445 4
 446 427 428 447 4
 428 429 448 447 4
 448 429 430 449 4
 430 431 450 449 4
 450 431 432 451 4
 432 433 452 451 4
 452 433 434 453 4
 434 435 454 453 4
 454 435 436 455 4
 436 437 456 455 4
 456 437 116 117 4
 136 137 438 457 4
 438 439 458 457 4
 458 439 440 459 4
 440 441 460 459 4
 460 441 442 461 4
 442 443 462 461 4
 462 443 444 463 4
 444 445 464 463 4
 464 445 446 465 4
 446 447 466 465 4
 466 447 448 467 4
 448 449 468 467 4
 468 449 450 469 4
 450 451 470 469 4
 470 451 452 471 4
 452 453 472 471 4
 472 453 454 473 4
 454 455 474 473 4
 474 455 456 475 4
 456 117 118 475 4
 136 457 135 4 4
 135 457 458 134 4
 458 459 133 134 4
 133 459 460 132 4
 460 461 11 132 4
 11 461 462 131 4
 462 463 130 131 4
 130 463 464 129 4
 464 465 128 129 4
 128 465 466 127 4
 466 467 126 127 4
 126 467 468 125 4
 468 469 124 125 4
 124 469 470 123 4
 470 471 12 123 4
 12 471 472 122 4
 472 473 121 122 4
 121 473 474 120 4
 474 475 119 120 4
 119 475 118 8 4
 123 476 166 12 5
 476 477 165 166 5
 477 478 164 165 5
 478 479 163 164 5
 479 480 162 163 5
 480 481 161 162 5
 481 482 160 161 5
 482 483 159 160 5
 483 484 158 159 5
 484 157 15 158 5
 124 485 476 123 5
 485 486 477 476 5
 486 487 478 477 5
 487 488 479 478 5
 488 489 480 479 5
 489 490 481 480 5
 490 491 482 481 5
 491 492 483 482 5
 492 493 484 483 5
 493 156 157 484 5
 125 494 485 124 5
 494 495 486 485 5
 495 496 487 486 5
 496 497 488 487 5
 497 498 489 488 5
 498 499 490 489 5
 499 500 491 490 5
 500 501 492 491 5
 501 502 493 492 5
 502 155 156 493 5
 126 503 494 125 5
 503 504 495 494 5
 504 505 496 495 5
 505 506 497 496 5
 506 507 498 497 5
 507 508 499 498 5
 508 509 500 499 5
 509 510 501 500 5
 510 511 502 501 5
 511 154 155 502 5
 127 512 503 126 5
 512 513 504 503 5
 513 514 505 504 5
 514 515 506 505 5
 515 516 507 506 5
 516 517 508 507 5
 517 518 509 508 5
 518 519 510 509 5
 519 520 511 510 5
 520 153 154 511 5
 128 521 512 127 5
 521 522 513 512 5
 522 523 514 513 5
 523 524 515 514 5
 524 525 516 515 5
 525 526 517 516 5
 526 527 518 517 5
 527 528 519 518 5
 528 529 520 519 5
 529 152 153 520 5
 129 530 521 128 5
 530 531 522 521 5
 531 532 523 522 5
 532 533 524 523 5
 533 534 525 524 5
 534 535 526 525 5
 535 536 527 526 5
 536 537 528 527 5
 537 538 529 528 5
 538 151 152 529 5
 130 539 530 129 5
 539 540 531 530 5
 540 541 532 531 5
 541 542 533 532 5
 542 543 534 533 5
 543 544 535 534 5
 544 545 536 535 5
 545 546 537 536 5
 546 547 538 537 5
 547 150 151 538 5
 131 548 539 130 5
 548 549 540 539 5
 549 550 541 540 5
 550 551 542 541 5
 551 552 543 542 5
 552 553 544 543 5
 553 554 545 544 5
 554 555 546 545 5
 555 556 547 546 5
 556 149 150 547 5
 11 140 548 131 5
 140 141 549 548 5
 141 142 550 549 5
 142 143 551 550 5
 143 144 552 551 5
 144 145 553 552 5
 145 146 554 553 5
 146 147 555 554 5
 147 148 556 555 5
 148 16 149 556 5
 End
